1. 42
2. 94
3. 19
4. 22
5. 93
6. 8
7. 63
8. 45
9. 96
10. 69
11. 30
12. 3
13. 64
14. 13
15. 91
16. 26
17. 78
18. 2
19. 7
20. 19
21. 60
22. 70
23. 52
24. 55
25. 63
26. 5
27. 90
28. 58
29. 60
30. 61
31. 28
32. 50
33. 44
34. 57
35. 26
36. 2
37. 59
38. 87
39. 46
40. 48
41. 5
42. 6
43. 4
44. 31
45. 30
46. 8
47. 82
48. 2
49. 77
50. 12
51. 87
52. 22
53. 16
54. 77
55. 3
56. 39
57. 78
58. 28
59. 79
60. 5
61. 54
62. 53
63. 48
64. 4
65. 21
66. 19
67. 98
68. 73
69. 74
70. 100
71. 21
72. 8
73. 53
74. 60
75. 79
76. 15
77. 26
78. 54
79. 87
80. 98
81. 52
82. 97
83. 7
84. 59
85. 92
86. 82
87. 40
88. 86
89. 28
90. 34
91. 84
92. 41
93. 87
94. 40
95. 81
96. 56
97. 30
98. 34
99. 4
100. 15
